-0.055  0.99492386 0.33333333 0.125      0.77941176 0.33333333 0.125       0.556 0.4
-0.0002  0.25380711 1.         0.         0.32843137 1.         0.          0.8 0.884
0.001  0.1928934  1.         0.         0.30882353 1.         0.          0.728 0.868
-0.0148  0.62436548 0.66666667 0.25       0.6127451  0.33333333 0.125       0.14 0.268
-0.009  0.5177665  1.         0.         0.30882353 1.         0.          0.952 0.872
-0.0059  0.49746193 0.66666667 1.         0.57843137 1.         0.          0.08 0.98
-0.0089  0.59898477 0.33333333 0.125      0.43627451 0.66666667 1.          0.2 0.056
-0.0039  0.50253807 0.66666667 1.         0.72058824 0.33333333 0.125       0.088 0.332
-0.0579  0.98477157 0.33333333 0.125      0.56372549 0.33333333 0.125       0.54 0.232
0.0007  0.18274112 1.         0.         0.84313725 0.33333333 0.125       0.712 0.432
-0.0467  0.76649746 0.33333333 0.125      0.48529412 1.         0.          0.34 0.968
-0.004  0.38071066 0.66666667 1.         0.27941176 1.         0.          0.032 0.852
-0.006  0.3248731  0.33333333 0.625      0.5        0.33333333 0.125       0.108 0.184
-0.0005  0.3248731  1.         0.         0.98529412 0.33333333 0.125       0.856 0.58
-0.0027  0.3248731  0.66666667 1.         0.26470588 1.         0.          0.02 0.844
0.0003  0.1319797  1.         0.         0.29901961 0.66666667 1.          0.676 0.028
-0.0141  0.67005076 0.33333333 0.125      0.0245098  0.66666667 1.          0.244 0.008
-0.0416  0.93401015 0.33333333 0.125      0.90686275 0.66666667 0.25        0.488 0.168
-0.0368  0.65482234 0.33333333 0.125      0.48529412 1.         0.          0.232 0.96
-0.0113  0.33502538 0.33333333 0.625      0.22058824 1.         0.          0.112 0.816
-0.0423  0.95939086 1.         0.         0.22058824 1.         0.          1.0 0.812
-0.0055  0.39593909 1.         0.         0.12745098 1.         0.          0.924 0.728
-0.0045  0.35532995 1.         0.         0.04411765 1.         0.          0.872 0.652
-0.0427  0.91878173 0.33333333 0.125      0.7745098  0.66666667 0.25        0.468 0.156
0.0029  0.04060914 1.         0.         0.39215686 1.         0.          0.596 0.86
-0.0413  0.7715736  0.66666667 0.25       0.0245098  1.         0.          0.152 0.636
-0.0375  0.75126904 0.33333333 0.125      0.54411765 0.33333333 0.125       0.316 0.216
-0.0009  0.49746193 0.66666667 1.         0.35294118 0.66666667 1.          0.076 0.04
0.0005  0.2284264  1.         0.         0.39215686 1.         0.          0.764 0.928
0.0005  0.1928934  1.         0.         0.77941176 0.33333333 0.125       0.724 0.388
0.0016  0.05583756 1.         0.         0.7745098  0.33333333 0.125       0.608 0.392
0.0035  0.01522843 1.         0.         0.07843137 1.         0.          0.584 0.68
0.0034  0.         1.         0.         0.21078431 1.         0.          0.568 0.784
0.0017  0.01015228 1.         0.         0.62745098 0.33333333 0.125       0.58 0.272
0.0021  0.00507614 1.         0.         0.93137255 0.33333333 0.125       0.572 0.544
-0.0213  0.87309645 0.33333333 0.125      0.30392157 0.66666667 1.          0.44 0.032
0.002  0.00507614 1.         0.         0.83823529 0.33333333 0.125       0.576 0.468
-0.0163  0.8071066  0.33333333 0.125      0.48039216 0.66666667 1.          0.392 0.064
0.0016  0.15228426 1.         0.         0.2254902  1.         0.          0.688 0.644
0.0015  0.10152284 1.         0.         0.8627451  0.33333333 0.125       0.656 0.492
-0.0392  0.82233503 0.33333333 0.125      0.78921569 0.33333333 0.125       0.404 0.412
-0.0004  0.27918782 1.         0.         0.4754902  0.33333333 0.625       0.824 0.108
-0.0003  0.26395939 1.         0.         0.3627451  0.66666667 1.          0.78 0.048
-0.0368  0.80203046 0.33333333 0.125      0.82843137 0.33333333 0.125       0.384 0.456
0.0002  0.18274112 1.         0.         0.20588235 0.66666667 1.          0.708 0.024
0.0006  0.13705584 0.66666667 1.         0.64215686 0.33333333 0.125       0.008 0.276
-0.0499  0.92893401 0.33333333 0.125      0.7254902  0.33333333 0.125       0.484 0.336
-0.0041  0.29949239 0.33333333 0.625      0.7254902  0.33333333 0.125       0.104 0.32
-0.0509  0.77664975 0.33333333 0.125      0.32843137 1.         0.          0.352 0.88
-0.0576  0.97969543 0.33333333 0.125      0.55882353 0.33333333 0.125       0.536 0.224
0.0031  0.03045685 1.         0.         0.20588235 1.         0.          0.588 0.78
-0.0037  0.46700508 1.         0.         0.56862745 0.66666667 0.25        0.948 0.128
-0.  0.23350254 1.         0.         0.35784314 0.33333333 0.625       0.776 0.084
-0.0004  0.24365482 1.         0.         0.15196078 1.         0.          0.788 0.748
-0.0454  0.83756345 0.33333333 0.125      0.5245098  0.33333333 0.125       0.412 0.196
0.0024  0.0964467  1.         0.         0.15686275 1.         0.          0.648 0.688
-0.0604  0.84263959 0.33333333 0.125      0.16666667 1.         0.          0.424 0.756
-0.0008  0.34010152 1.         0.         0.40686275 0.66666667 1.          0.864 0.052
-0.0177  0.53299492 0.33333333 0.125      0.79411765 0.33333333 0.125       0.172 0.42
-0.0547  0.95431472 0.33333333 0.125      0.58823529 0.33333333 0.125       0.5 0.248
-0.0608  0.87817259 0.33333333 0.125      0.29411765 1.         0.          0.448 0.856
-0.  0.25380711 1.         0.         0.37745098 1.         0.          0.796 0.92
-0.0007  0.26903553 1.         0.         0.68627451 0.33333333 0.125       0.804 0.284
-0.0302  0.52284264 0.33333333 0.125      0.25490196 1.         0.          0.168 0.836
-0.0131  0.72588832 0.33333333 0.125      0.45588235 0.66666667 1.          0.276 0.06
-0.0434  0.87817259 0.33333333 0.125      0.82843137 0.33333333 0.125       0.452 0.46
0.0005  0.11675127 1.         0.         0.20098039 0.66666667 1.          0.668 0.02
-0.0257  0.53807107 0.33333333 0.125      0.57843137 1.         0.          0.176 0.976
0.0006  0.14213198 1.         0.         0.43627451 0.33333333 0.625       0.68 0.096
-0.0428  0.87309645 0.33333333 0.125      0.83823529 0.33333333 0.125       0.444 0.444
-0.0399  0.72588832 0.33333333 0.125      0.64215686 1.         0.          0.304 0.992
0.0029  0.05583756 1.         0.         0.21078431 1.         0.          0.612 0.796
-0.0052  0.37563452 1.         0.         0.05882353 1.         0.          0.896 0.66
-0.0031  0.43147208 0.66666667 1.         0.51470588 0.33333333 0.125       0.048 0.192
-0.0385  0.65989848 0.33333333 0.125      0.42156863 1.         0.          0.24 0.944
1.e-04  0.20812183 1.         0.         0.01470588 1.         0.          0.744 0.624
-0.0715  0.97461929 0.33333333 0.125      0.14215686 1.         0.          0.528 0.736
-0.0672  1.         0.33333333 0.125      0.51470588 1.         0.          0.564 0.972
-0.0353  0.8680203  0.33333333 0.125      0.95098039 0.66666667 0.25        0.436 0.172
-0.0418  0.88832487 0.33333333 0.125      0.97058824 0.33333333 0.125       0.46 0.6
-0.0474  0.92385787 0.33333333 0.125      0.83823529 0.33333333 0.125       0.476 0.472
0.0006  0.15228426 1.         0.         0.60784314 0.33333333 0.125       0.692 0.256
-0.0524  0.76649746 0.33333333 0.125      0.22058824 1.         0.          0.336 0.804
-0.0017  0.37563452 0.66666667 1.         0.74019608 0.33333333 0.125       0.028 0.352
-0.0411  0.60913706 0.33333333 0.125      0.09313725 1.         0.          0.208 0.696
1.e-04  0.21827411 1.         0.         0.11764706 1.         0.          0.748 0.712
-0.0381  0.81725888 0.33333333 0.125      0.55882353 0.66666667 0.25        0.4 0.124
-0.0121  0.59390863 0.66666667 0.25       0.73039216 0.33333333 0.125       0.132 0.344
-0.0175  0.74111675 0.33333333 0.125      0.00490196 0.66666667 1.          0.308 0.004
-0.0533  0.95939086 0.33333333 0.125      0.69607843 0.33333333 0.125       0.508 0.3
-0.0425  0.65989848 0.33333333 0.125      0.23039216 1.         0.          0.236 0.824
-0.0619  0.92385787 0.33333333 0.125      0.44117647 1.         0.          0.48 0.952
-0.0008  0.34517766 1.         0.         0.3627451  0.66666667 1.          0.868 0.044
-0.0343  0.64974619 0.33333333 0.125      0.59313725 1.         0.          0.228 0.984
-0.0395  0.84263959 0.33333333 0.125      0.87254902 0.33333333 0.125       0.416 0.504
-0.0004  0.43654822 0.66666667 1.         0.31372549 0.66666667 1.          0.056 0.036
-0.0083  0.5177665  0.66666667 0.25       0.82843137 0.33333333 0.125       0.116 0.452
-0.0047  0.15228426 0.33333333 0.625      0.1372549  1.         0.          0.096 0.732
-0.0036  0.44162437 1.         0.         0.62745098 1.         0.          0.936 0.988
-0.0025  0.36040609 1.         0.         0.61764706 0.33333333 0.125       0.884 0.26
-0.023  0.62944162 0.33333333 0.125      0.85784314 0.33333333 0.125       0.216 0.484
0.0007  0.20812183 1.         0.         0.93627451 0.33333333 0.125       0.74 0.204
-0.0198  0.62436548 0.33333333 0.125      0.82843137 0.66666667 0.25        0.204 0.164
-0.0007  0.27918782 1.         0.         0.72058824 0.33333333 0.125       0.82 0.328
-0.031  0.74111675 0.33333333 0.125      0.87745098 0.33333333 0.125       0.312 0.5
-0.036  0.77664975 0.33333333 0.125      0.75       0.33333333 0.125       0.36 0.376
-0.0022  0.41116751 0.66666667 1.         0.75       0.33333333 0.125       0.04 0.38
-0.01  0.65989848 1.         0.         0.80882353 0.33333333 0.125       0.98 0.44
0.0018  0.07106599 1.         0.         0.93627451 0.33333333 0.125       0.628 0.552
-0.0418  0.88832487 0.33333333 0.125      0.97058824 0.33333333 0.125       0.456 0.572
-0.0374  0.77664975 0.33333333 0.125      0.67156863 0.33333333 0.125       0.356 0.28
-0.001  0.29949239 1.         0.         0.75490196 0.33333333 0.125       0.836 0.364
-0.0059  0.49746193 1.         0.         0.6127451  0.33333333 0.125       0.956 0.264
-0.0005  0.23350254 1.         0.         0.03431373 1.         0.          0.772 0.64
-0.0323  0.78172589 0.33333333 0.125      0.7254902  0.66666667 0.25        0.344 0.152
-0.0658  0.91878173 0.33333333 0.125      0.21568627 1.         0.          0.472 0.8
-0.0409  0.79187817 0.33333333 0.125      0.54901961 0.33333333 0.125       0.376 0.22
-0.0024  0.22335025 0.33333333 0.625      0.73039216 0.33333333 0.125       0.1 0.34
-0.0007  0.30456853 1.         0.         0.84313725 0.33333333 0.125       0.84 0.476
-0.0187  0.56345178 0.33333333 0.125      0.8627451  0.33333333 0.125       0.184 0.488
0.0016  0.05583756 1.         0.         0.71568627 0.66666667 0.25        0.616 0.148
-0.0438  0.9035533  0.66666667 0.25       0.3627451  1.         0.          0.16 0.916
-0.0019  0.30964467 1.         0.         0.2254902  1.         0.          0.844 0.82
-0.028  0.63959391 0.66666667 0.25       0.09313725 1.         0.          0.144 0.692
-0.0009  0.2893401  1.         0.         0.34313725 1.         0.          0.828 0.896
-0.0486  0.96446701 0.33333333 0.125      0.98039216 0.33333333 0.125       0.52 0.588
-0.0221  0.76142132 0.33333333 0.125      0.48039216 0.33333333 0.625       0.32 0.112
-0.0554  0.96446701 0.33333333 0.125      0.60294118 0.33333333 0.125       0.516 0.252
0.0008  0.11675127 0.66666667 1.         0.16666667 1.         0.          0.004 0.752
-0.0003  0.48730964 0.66666667 1.         0.05392157 0.66666667 1.          0.072 0.012
0.001  0.18274112 1.         0.         0.14705882 1.         0.          0.716 0.744
-0.0038  0.44162437 1.         0.         0.71568627 0.33333333 0.125       0.94 0.316
0.0024  0.09137056 1.         0.         0.34313725 1.         0.          0.644 0.9
-0.0136  0.53807107 1.         0.         0.04411765 1.         0.          0.96 0.648
-0.0497  0.78172589 0.33333333 0.125      0.40686275 1.         0.          0.364 0.94
0.0022  0.11167513 1.         0.         0.06862745 1.         0.          0.66 0.668
-0.0055  0.39593909 1.         0.         0.12745098 1.         0.          0.916 0.724
-0.0538  0.97461929 0.33333333 0.125      0.74509804 0.33333333 0.125       0.532 0.356
0.0008  0.20812183 1.         0.         0.97058824 0.33333333 0.125       0.736 0.592
0.0025  0.11167513 1.         0.         0.71568627 1.         0.          0.664 0.996
-0.002  0.40609137 1.         0.         0.05882353 0.33333333 0.625       0.928 0.076
-0.0176  0.53807107 0.66666667 0.25       0.25490196 1.         0.          0.124 0.832
-0.0026  0.3857868  1.         0.         0.71078431 0.33333333 0.125       0.9 0.304
-0.0712  0.95939086 0.33333333 0.125      0.09803922 1.         0.          0.512 0.704
-0.0347  0.71573604 0.33333333 0.125      0.53431373 0.33333333 0.125       0.284 0.2
-0.0048  0.44670051 1.         0.         0.53921569 0.33333333 0.125       0.944 0.212
-0.0114  0.61928934 0.66666667 0.25       0.92156863 0.33333333 0.125       0.136 0.516
-0.0014  0.31979695 1.         0.         0.41176471 1.         0.          0.852 0.948
0.0003  0.17766497 1.         0.         0.56372549 0.33333333 0.125       0.604 0.228
-0.054  0.72588832 0.33333333 0.125      0.         1.         0.          0.3 0.612
-0.0238  0.72081218 0.33333333 0.125      0.98529412 0.66666667 0.25        0.296 0.176
-0.0036  0.38071066 1.         0.         0.30882353 1.         0.          0.892 0.864
-0.0577  0.98477157 0.33333333 0.125      0.57843137 0.33333333 0.125       0.548 0.244
-0.0014  0.36548223 1.         0.         0.68137255 0.66666667 0.25        0.888 0.144
-0.0214  0.62944162 0.33333333 0.125      0.98039216 0.33333333 0.125       0.22 0.608
-0.001  0.27411168 1.         0.         0.21078431 1.         0.          0.816 0.788
-0.0437  0.93401015 1.         0.         0.09803922 1.         0.          0.996 0.7
0.0017  0.14213198 1.         0.         1.         0.66666667 0.25        0.64 0.18
-0.0559  0.98477157 0.33333333 0.125      0.68137255 0.33333333 0.125       0.544 0.288
-1.e-04  0.24873096 1.         0.         0.80392157 0.33333333 0.125       0.756 0.436
1.e-04  0.23350254 1.         0.         0.79901961 0.33333333 0.125       0.768 0.424
0.0027  0.07106599 1.         0.         0.2745098  1.         0.          0.632 0.848
-0.0673  0.96954315 0.33333333 0.125      0.35784314 1.         0.          0.524 0.912
-0.0522  0.76142132 0.33333333 0.125      0.21078431 1.         0.          0.324 0.792
-0.0366  0.55329949 0.33333333 0.125      0.07352941 1.         0.          0.188 0.676
-0.0258  0.6751269  0.33333333 0.125      0.89215686 0.33333333 0.125       0.248 0.508
-0.006  0.3857868  1.         0.         0.01960784 1.         0.          0.904 0.628
0.001  0.15228426 1.         0.         0.83333333 0.33333333 0.125       0.696 0.448
-0.0534  0.7715736  0.33333333 0.125      0.19607843 1.         0.          0.348 0.776
-0.0508  0.78680203 0.33333333 0.125      0.37745098 1.         0.          0.372 0.924
-0.0263  0.69035533 0.33333333 0.125      0.92647059 0.33333333 0.125       0.26 0.54
0.0005  0.23857868 1.         0.         0.48039216 1.         0.          0.784 0.964
-0.0345  0.76649746 0.33333333 0.125      0.52941176 0.66666667 0.25        0.332 0.116
-0.0286  0.7106599  0.33333333 0.125      0.62254902 0.66666667 0.25        0.272 0.132
-0.0021  0.43147208 1.         0.         0.43137255 0.33333333 0.625       0.932 0.092
-0.0338  0.55837563 0.33333333 0.125      0.22058824 1.         0.          0.192 0.808
-0.008  0.49746193 0.66666667 1.         0.2254902  1.         0.          0.084 0.768
-0.0602  0.81218274 0.33333333 0.125      0.05882353 1.         0.          0.396 0.664
-0.0381  0.76649746 0.33333333 0.125      0.57843137 0.33333333 0.125       0.328 0.24
-0.0358  0.80203046 0.33333333 0.125      0.88235294 0.33333333 0.125       0.388 0.512
-0.0189  0.78172589 0.66666667 0.25       0.96078431 0.33333333 0.125       0.156 0.568
-0.0511  0.94923858 0.33333333 0.125      0.76470588 0.33333333 0.125       0.496 0.384
-0.0008  0.43147208 0.66666667 1.         0.48529412 0.33333333 0.625       0.052 0.104
-0.0024  0.45685279 0.66666667 1.         0.97058824 0.33333333 0.125       0.064 0.596
-0.  0.22335025 1.         0.         0.71568627 0.33333333 0.125       0.752 0.312
0.0016  0.0964467  1.         0.         0.91176471 0.33333333 0.125       0.652 0.416
-0.0115  0.58883249 0.66666667 0.25       0.77941176 0.33333333 0.125       0.128 0.396
-0.0038  0.32994924 1.         0.         0.00980392 1.         0.          0.86 0.62
-0.0014  0.35532995 1.         0.         0.62745098 0.66666667 0.25        0.876 0.14
0.0015  0.06598985 1.         0.         0.71568627 0.33333333 0.125       0.624 0.308
-0.0011  0.29441624 1.         0.         0.68627451 0.33333333 0.125       0.832 0.296
0.0016  0.15736041 1.         0.         0.36764706 1.         0.          0.7 0.904
-0.0006  0.27411168 1.         0.         0.75       0.33333333 0.125       0.812 0.368
-0.0402  0.78680203 0.33333333 0.125      0.56372549 0.33333333 0.125       0.368 0.236
-0.0067  0.45685279 0.66666667 1.         0.19117647 1.         0.          0.06 0.772
-0.0599  0.83248731 0.33333333 0.125      0.14705882 1.         0.          0.408 0.74
-0.0021  0.42639594 0.66666667 1.         0.89215686 0.33333333 0.125       0.044 0.464
-0.0556  0.98984772 0.33333333 0.125      0.72058824 0.33333333 0.125       0.552 0.324
-0.009  0.52791878 0.66666667 0.25       0.78921569 0.33333333 0.125       0.12 0.408
0.0007  0.19796954 1.         0.         0.17647059 1.         0.          0.732 0.764
-0.0099  0.69543147 1.         0.         0.97058824 0.33333333 0.125       0.988 0.604
-0.0265  0.70558376 0.66666667 0.25       0.39705882 1.         0.          0.148 0.932
-0.0084  0.64467005 1.         0.         0.93137255 0.33333333 0.125       0.972 0.548
0.0019  0.05076142 1.         0.         0.94607843 0.33333333 0.125       0.6 0.56
-0.0657  0.95939086 0.33333333 0.125      0.40196078 1.         0.          0.504 0.936
0.0029  0.11675127 1.         0.         0.93137255 1.         0.          0.672 1.0
0.0018  0.14213198 1.         0.         0.25980392 1.         0.          0.684 0.84
-0.0033  0.35532995 0.66666667 1.         0.32843137 1.         0.          0.024 0.888
-0.0103  0.65482234 1.         0.         0.74509804 0.33333333 0.125       0.976 0.36
-0.0038  0.39086294 1.         0.         0.33823529 1.         0.          0.908 0.892
-0.0091  0.65989848 1.         0.         0.62254902 0.66666667 0.25        0.984 0.136
0.0018  0.07614213 1.         0.         0.96078431 0.33333333 0.125       0.636 0.564
-0.0087  0.62436548 1.         0.         0.79901961 0.33333333 0.125       0.964 0.428
-0.0235  0.68020305 0.33333333 0.125      0.81862745 0.66666667 0.25        0.256 0.16
-0.0676  0.99492386 0.33333333 0.125      0.46568627 1.         0.          0.56 0.956
-0.0005  0.31979695 1.         0.         0.98039216 0.33333333 0.125       0.848 0.584
-0.0274  0.68020305 0.33333333 0.125      0.55882353 0.66666667 0.25        0.252 0.12
-0.0363  0.80203046 0.33333333 0.125      0.85784314 0.33333333 0.125       0.38 0.48
-0.0329  0.5177665  0.33333333 0.125      0.10294118 1.         0.          0.164 0.708
-0.0398  0.63451777 0.33333333 0.125      0.25       1.         0.          0.224 0.828
0.0006  0.1928934 1.        0.        0.0245098 1.        0.         0.72 0.632
-0.0628  0.85786802 0.33333333 0.125      0.1127451  1.         0.          0.432 0.716
-0.0398  0.85279188 0.33333333 0.125      0.90686275 0.33333333 0.125       0.428 0.528
-0.0494  0.72081218 0.33333333 0.125      0.17156863 1.         0.          0.288 0.76
-0.0127  0.72081218 0.33333333 0.125      0.48529412 0.66666667 1.          0.292 0.072
0.0016  0.02538071 1.         0.         0.53921569 0.33333333 0.125       0.592 0.208
-0.041  0.60406091 0.33333333 0.125      0.07843137 1.         0.          0.196 0.684
0.0013  0.06091371 1.         0.         0.50980392 0.33333333 0.125       0.62 0.188
-0.0437  0.6142132  0.33333333 0.125      0.00490196 1.         0.          0.212 0.616
-0.0494  0.69543147 0.33333333 0.125      0.07352941 1.         0.          0.264 0.672
0.001  0.17766497 1.         0.         0.94607843 0.33333333 0.125       0.704 0.532
0.0003  0.08121827 0.33333333 0.625      0.46568627 0.33333333 0.625       0.092 0.1
0.0002  0.24873096 1.         0.         0.89705882 0.33333333 0.125       0.792 0.524
-0.004  0.36040609 1.         0.         0.13235294 1.         0.          0.88 0.72
-0.0034  0.62436548 1.         0.         0.48529412 0.66666667 1.          0.968 0.068
-0.0205  0.73096447 1.         0.         0.35784314 1.         0.          0.992 0.908
-0.0284  0.7106599  0.33333333 0.125      0.89215686 0.33333333 0.125       0.268 0.52
-0.0002  0.27411168 1.         0.         0.18627451 0.66666667 1.          0.808 0.016
-0.0298  0.53807107 0.33333333 0.125      0.33823529 1.         0.          0.18 0.876
-0.0417  0.84263959 0.33333333 0.125      0.75       0.33333333 0.125       0.42 0.372
0.0007  0.30964467 0.66666667 1.         0.11764706 0.33333333 0.625       0.016 0.08
0.0003  0.2284264  1.         0.         0.87745098 0.33333333 0.125       0.76 0.496
-0.0018  0.41116751 0.66666667 1.         0.94607843 0.33333333 0.125       0.036 0.556
-0.0478  0.94923858 0.33333333 0.125      0.94607843 0.33333333 0.125       0.492 0.536
-0.0028  0.39593909 1.         0.         0.73039216 0.33333333 0.125       0.92 0.348
-0.0321  0.89340102 0.33333333 0.125      0.39705882 0.33333333 0.625       0.464 0.088
-0.0024  0.45685279 0.66666667 1.         0.96568627 0.33333333 0.125       0.068 0.576
-0.0004  0.25888325 0.66666667 1.         0.68137255 0.33333333 0.125       0.012 0.292
-0.0517  0.71573604 0.33333333 0.125      0.05392157 1.         0.          0.28 0.656
-0.0024  0.39086294 1.         0.         0.78921569 0.33333333 0.125       0.912 0.404
